state	bin	ptS0	ptS1	ptS2	ptS3	ptS4
S0	1	0.998908374201817	0.000964998312446828	0.000118474520189539	4.58389764372602e-06	3.56906790311008e-06
S0	2	0.997449165372945	0.00210969112672096	0.000393563699620475	1.93904325073372e-05	2.81893682059623e-05
S0	3	0.993650974264931	0.0054172242677566	0.000778375817958112	6.45753812342582e-05	8.88502681194594e-05
S0	4	0.983121914517703	0.014729486274185	0.00171571592170004	0.000157439594946708	0.000275443691465127
S0	5	0.939804363551766	0.050393948831706	0.00751913341388078	0.000740634459795409	0.0015419197428518
S0	6	0.885533666692834	0.0846238820037306	0.0224242405065837	0.00188872052863869	0.00552949026821272
S0	7	0.883181202503764	0.0722329551098008	0.0288007105314686	0.00451363649520335	0.0112714953597631
S0	8	0.7238383720527	0.117656702095766	0.0893533183727393	0.017233639644318	0.0519179678344767
S0	9	0.82155616779548	0.0403481859838683	0.0595125710336956	0.0140322971911683	0.0645507779957878
S0	10	0.872861943835824	0.020562292705709	0.030694690289727	0.011262936428213	0.0646181367405265
S0	11	0.743505179817484	0.0167188572819276	0.0599728188979474	0.0225698976009799	0.157233246401661
S0	12	0.634370796221843	0.00418434216846757	0.0783427149439798	0.03194397511174	0.25115817155397
S0	13	0	0.0537827612036846	0.136076397153037	0.0640631709133506	0.746077670729927
S0	14	0	0	0.0456715490864744	0.0586408073209133	0.895687643592612
S0	15	0	0	0	0.0900849116848764	0.909915088315124
ALL	NA	0.995837316762269	0.00314690885914595	0.000637348629700446	7.96685787125558e-05	0.000298757170172084
S1	1	0.0268229221717026	0.968516631205704	0.00441148793462212	0.000173088891429118	7.58697965416495e-05
S1	2	0.0123990025665106	0.980200564503861	0.00678407616042674	0.000338951315918214	0.000277405453282976
S1	3	0.00485390350267674	0.989086294905684	0.00527261805340391	0.000443586278629431	0.000343597259606193
S1	4	0.0017734991032646	0.993141865338223	0.00429189095803085	0.000399384687122459	0.000393359913358788
S1	5	0.000495367945891166	0.992816366617341	0.00549588879193555	0.000548969489608723	0.000643407155223666
S1	6	0.000276559049649318	0.987815495706596	0.0097113642003806	0.000829476998094771	0.00136710404527922
S1	7	0.00032046747310902	0.979647004597101	0.0144916235198874	0.00230310940459935	0.00323779500530303
S1	8	0.00015778235027637	0.958591520786233	0.0270089192424993	0.00528259937693333	0.00895917824405849
S1	9	0.000494240366559983	0.907245995721525	0.0496465834960462	0.0118708980770818	0.0307422823387867
S1	10	0.00099304047232321	0.874365514505059	0.0484244110514007	0.0180188417977564	0.0581981921734612
S1	11	0.000859529785949774	0.72240977967437	0.0961415449878439	0.0366910694846093	0.143898076067227
S1	12	0.00124528541167563	0.307010340473499	0.213257364792689	0.0881796817473755	0.39030732757476
S1	13	0	0.69808110048461	0.0655277408885925	0.0312841941339053	0.205106964492893
S1	14	0	0	0.0740844919376322	0.0964618647139372	0.829453643348431
S1	15	0	0	0	0.149559879645277	0.850440120354723
ALL	NA	0.00830909846281678	0.981408392189447	0.0073743248857499	0.000934773577066888	0.00197341088491899
S2	1	0.0179212143445022	0.021633594213553	0.958512003993111	0.00168691572125871	0.000246271727575418
S2	2	0.00549200625760239	0.0145150813306466	0.97720595305739	0.00219000165143819	0.000596957702922852
S2	3	0.00275677445721406	0.0187803868559285	0.973839813943924	0.00367494671395383	0.000948078028979276
S2	4	0.00123293424831824	0.0230823746004977	0.970306048305927	0.00405007622812712	0.00132856661713033
S2	5	0.000270384645041056	0.0181168756497047	0.975535719151102	0.00437084269132715	0.00170617786282483
S2	6	8.61505775939e-05	0.0102874184557358	0.983788352793055	0.00376909870721345	0.00206897946640212
S2	7	6.68325671230698e-05	0.0068302099591212	0.982816289195689	0.00700618499604977	0.00328048328201683
S2	8	1.76567338993773e-05	0.00358629314403703	0.982902122761778	0.00862308111355886	0.0048708462467268
S2	9	2.99568113805382e-05	0.00183841131250502	0.978583423375018	0.0104955159404275	0.00905269256066893
S2	10	6.08352176659705e-05	0.00179077651238218	0.964725105319484	0.0161019262854469	0.0173213566650215
S2	11	2.64270737111631e-05	0.000742560790280026	0.961280997769385	0.0164555105104732	0.0214945038561509
S2	12	1.71656026345497e-05	0.000141482722927595	0.955972299969583	0.0177305221731309	0.0261385295317242
S2	13	0	0.00102424036074069	0.93521629366454	0.0200273538013636	0.0437321121733561
S2	14	0	0	0.815883001585412	0.0476505546285103	0.136466443786078
S2	15	0	0	0	0.345558067632454	0.654441932367546
ALL	NA	0.00337428620868662	0.0133241045163523	0.973870911922478	0.00553729018861395	0.00389340716386918
S3	1	0.031277862197237	0.0176526569948629	0.0436948678163784	0.905884578679763	0.0014900343117586
S3	2	0.00769503357428473	0.00950847228247551	0.0357625802722458	0.944134333568888	0.00289958030210598
S3	3	0.00235421505957473	0.00749827228516406	0.021721792930223	0.96561898696248	0.00280673276255826
S3	4	0.000957148967883012	0.00837783647614945	0.0196748578524788	0.967414671055307	0.00357548564818185
S3	5	0.000195225059872944	0.00611573444011852	0.018397548719179	0.971020881635935	0.00427061014489467
S3	6	7.19438993951689e-05	0.00401655724425933	0.0214585662924811	0.968463246716584	0.00598968584728041
S3	7	3.04335154078919e-05	0.00145415200830756	0.0116895978238409	0.98164719847678	0.00517861817566352
S3	8	6.54567175687328e-06	0.000621586269790716	0.00951737913438114	0.98359469038175	0.00625979854232123
S3	9	9.11324947883093e-06	0.000261476181349768	0.00777568708837887	0.982406710115334	0.00954701336545837
S3	10	1.20692705201954e-05	0.000166103628859029	0.00499911102183244	0.982909748925705	0.0119129671530831
S3	11	5.11840046063056e-06	6.7240196609906e-05	0.00486293863397853	0.980632763409285	0.0144319393596664
S3	12	3.0811727392786e-06	1.18733201180807e-05	0.00448193492301556	0.979238254366202	0.0162648562179251
S3	13	0	7.55466172889656e-05	0.00385368908151836	0.972153367988095	0.023917396313098
S3	14	0	0	0.00140608036199547	0.967379377380611	0.031214542257393
S3	15	0	0	0	0.979107863646919	0.0208921363530811
ALL	NA	0.00192564064583025	0.00355502888460969	0.0145163679454896	0.97230039994075	0.00770256258332099
S4	1	0.0172366628590373	0.0289815098983562	0.0415247650629605	0.0489405640715949	0.863316498108051
S4	2	0.00237589123052424	0.00874624382774223	0.0190416908555975	0.0285778666540113	0.941258307432125
S4	3	0.000757531681673174	0.00718804312886631	0.0120534387538458	0.0304607395161597	0.949540246919455
S4	4	0.000244553601311389	0.00637707032980558	0.00866895521919348	0.0242318836702186	0.960477537179471
S4	5	4.21165926101396e-05	0.00393062020545123	0.00684444524913436	0.0205364896902386	0.968646328262566
S4	6	1.11689987612576e-05	0.00185767198081308	0.00574488845600598	0.0147395217528489	0.977646748811571
S4	7	5.46831693608051e-06	0.000778405980884787	0.00362211100062804	0.0172916711261811	0.97830234357537
S4	8	9.77535951833468e-07	0.000276550678668338	0.00245107451747034	0.0144004037996502	0.982870993468259
S4	9	8.98034190406258e-07	7.67620467653081e-05	0.00132135349091203	0.00949053972266258	0.98911044670547
S4	10	9.55566825601396e-07	3.917905557311e-05	0.000682548400115214	0.00762910625753463	0.991648210719951
S4	11	3.3501533783272e-07	1.31115550729496e-05	0.000548895723108021	0.00629240701776136	0.99314525068872
S4	12	1.79093904585869e-07	2.05604083223014e-06	0.00044925294579505	0.00557998598468425	0.993968525934784
S4	13	0	8.91409377575326e-06	0.000263211388966454	0.00377469737814256	0.995953177139115
S4	14	0	0	7.36666571133496e-05	0.0028812238077143	0.997045109535172
S4	15	0	0	0	0.00435087230699659	0.995649127693003
ALL	NA	0.000233945490700667	0.00128670019885367	0.00304129137910867	0.011580301789683	0.983857761141654
